-Entity ID---X Location----Y Location----Z Location----von Mises Z1----von Mises Z2
       1    10000.000000      0.000000      0.000000    118.313324      149.404770
       2     9997.944336     78.504402      0.000000    103.454453      147.705963
       3     9991.783203    156.791168      0.000000     90.715134      147.771515
       4     9981.533203    234.649521      0.000000     82.285324      140.917847
       5     9967.221680    311.865173      0.000000     79.539963      133.058899
       6     9948.889648    388.226501      0.000000     78.999512      126.178452
       7     9926.584961    463.525024      0.000000     79.227448      120.785492
       8     9900.370117    537.552307      0.000000     79.550461      117.023537
       9     9870.318359    610.104858      0.000000     79.804871      114.788216
      10     9836.509766    680.985229      0.000000     80.016769      113.865952
      11     9799.039062    749.998535      0.000000     80.237518      114.054039
      12     9758.006836    816.956909      0.000000     80.468193      115.185104
      13     9713.526367    881.676636      0.000000     80.637955      117.169601
      14     9665.718750    943.980591      0.000000     80.629654      119.970337
      15     9614.716797   1003.696533      0.000000     80.349182      123.582848
      16     9560.660156   1060.660400      0.000000     79.866806      127.980026
      17     9503.696289   1114.716919      0.000000     79.710022      133.032547
      18     9443.981445   1165.718384      0.000000     81.137299      138.472382
      19     9381.678711   1213.524780      0.000000     87.780617      142.946747
      20     9316.958984   1258.005615      0.000000     99.870407      141.874146
      21     9250.000000   1299.038086      0.000000    115.773605      144.271881