-Entity ID---X Location----Y Location----Z Location----von Mises Z1----von Mises Z2---
     127     9975.640625      0.000000   -697.564209    133.811523      128.644867
     128     9973.589844     78.504387   -697.420837    133.898544      124.255112
     129     9967.443359    156.791138   -696.991028    135.044952      118.924545
     130     9957.218750    234.649475   -696.276001    134.087982      114.552277
     131     9942.942383    311.865143   -695.277649    131.275085      110.839813
     132     9924.654297    388.226532   -693.998840    127.226120      107.697365
     133     9902.404297    463.524994   -692.442993    122.689529      105.190422
     134     9876.253906    537.552185   -690.614380    118.377594      103.477547
     135     9846.274414    610.104797   -688.518005    114.869102      102.688232
     136     9812.548828    680.985168   -686.159668    112.569466      102.849861
     137     9775.168945    749.998474   -683.545837    111.709633      103.867325
     138     9734.237305    816.956848   -680.683533    112.362961      105.561478
     139     9689.865234    881.676575   -677.580750    114.470062      107.733208
     140     9642.173828    943.980591   -674.245850    117.855644      110.225616
     141     9591.295898   1003.696411   -670.688110    122.231079      112.960297
     142     9537.371094   1060.660278   -666.917297    127.179405      115.938530
     143     9480.545898   1114.717041   -662.943726    132.136612      119.181015
     144     9420.976562   1165.718384   -658.778198    136.386063      122.628159
     145     9358.825195   1213.524780   -654.432190    139.071030      125.974747
     146     9294.263672   1258.005493   -649.917603    139.100494      128.609283
     147     9227.467773   1299.038086   -645.246765    136.960266      128.805878