-Entity ID---X Location----Y Location----Z Location----Magnitude---
     127     9975.640625      0.000000   -697.564209      0.000000
     128     9973.589844     78.504387   -697.420837      0.741076
     129     9967.443359    156.791138   -696.991028      1.441885
     130     9957.218750    234.649475   -696.276001      2.071869
     131     9942.942383    311.865143   -695.277649      2.610889
     132     9924.654297    388.226532   -693.998840      3.048457
     133     9902.404297    463.524994   -692.442993      3.381880
     134     9876.253906    537.552185   -690.614380      3.614016
     135     9846.274414    610.104797   -688.518005      3.751052
     136     9812.548828    680.985168   -686.159668      3.800519
     137     9775.168945    749.998474   -683.545837      3.769765
     138     9734.237305    816.956848   -680.683533      3.664961
     139     9689.865234    881.676575   -677.580750      3.490646
     140     9642.173828    943.980591   -674.245850      3.249790
     141     9591.295898   1003.696411   -670.688110      2.944349
     142     9537.371094   1060.660278   -666.917297      2.576179
     143     9480.545898   1114.717041   -662.943726      2.148255
     144     9420.976562   1165.718384   -658.778198      1.665985
     145     9358.825195   1213.524780   -654.432190      1.138226
     146     9294.263672   1258.005493   -649.917603      0.577700
     147     9227.467773   1299.038086   -645.246765      0.000000