-Entity ID---X Location----Y Location----Z Location----Magnitude---
     127     9975.640625      0.000000   -697.564209      0.000000
     128     9973.589844     78.504387   -697.420837      1.147842
     129     9967.443359    156.791138   -696.991028      2.233089
     130     9957.218750    234.649475   -696.276001      3.208251
     131     9942.942383    311.865143   -695.277649      4.042038
     132     9924.654297    388.226532   -693.998840      4.718154
     133     9902.404297    463.524994   -692.442993      5.232429
     134     9876.253906    537.552185   -690.614380      5.589336
     135     9846.274414    610.104797   -688.518005      5.798551
     136     9812.548828    680.985168   -686.159668      5.871885
     137     9775.168945    749.998474   -683.545837      5.820911
     138     9734.237305    816.956848   -680.683533      5.655427
     139     9689.865234    881.676575   -677.580750      5.382743
     140     9642.173828    943.980591   -674.245850      5.007761
     141     9591.295898   1003.696411   -670.688110      4.533822
     142     9537.371094   1060.660278   -666.917297      3.964087
     143     9480.545898   1114.717041   -662.943726      3.303392
     144     9420.976562   1165.718384   -658.778198      2.560232
     145     9358.825195   1213.524780   -654.432190      1.748287
     146     9294.263672   1258.005493   -649.917603      0.887006
     147     9227.467773   1299.038086   -645.246765      0.000000
