-Entity ID---X Location----Y Location----Z Location--
       1    10000.000000      0.000000      0.000000
       2     9997.944336     78.504402      0.000000
       3     9991.783203    156.791168      0.000000
       4     9981.533203    234.649521      0.000000
       5     9967.221680    311.865173      0.000000
       6     9948.889648    388.226501      0.000000
       7     9926.584961    463.525024      0.000000
       8     9900.370117    537.552307      0.000000
       9     9870.318359    610.104858      0.000000
      10     9836.509766    680.985229      0.000000
      11     9799.039062    749.998535      0.000000
      12     9758.006836    816.956909      0.000000
      13     9713.526367    881.676636      0.000000
      14     9665.718750    943.980591      0.000000
      15     9614.716797   1003.696533      0.000000
      16     9560.660156   1060.660400      0.000000
      17     9503.696289   1114.716919      0.000000
      18     9443.981445   1165.718384      0.000000
      19     9381.678711   1213.524780      0.000000
      20     9316.958984   1258.005615      0.000000
      21     9250.000000   1299.038086      0.000000
      22     9999.323242      0.000000   -116.353210
      23     9997.267578     78.504402   -116.329285
      24     9991.106445    156.791168   -116.257599
      25     9980.857422    234.649521   -116.138336
      26     9966.546875    311.865173   -115.971825
      27     9948.215820    388.226501   -115.758514
      28     9925.913086    463.525024   -115.499001
      29     9899.700195    537.552307   -115.193985
      30     9869.650391    610.104858   -114.844315
      31     9835.843750    680.985229   -114.450951
      32     9798.375977    749.998535   -114.014961
      33     9757.346680    816.956909   -113.537529
      34     9712.869141    881.676636   -113.019981
      35     9665.064453    943.980591   -112.463730
      36     9614.065430   1003.696533   -111.870300
      37     9560.012695   1060.660400   -111.241333
      38     9503.052734   1114.716919   -110.578537
      39     9443.341797   1165.718384   -109.883736
      40     9381.043945   1213.524780   -109.158829
      41     9316.328125   1258.005615   -108.405792
      42     9249.374023   1299.038086   -107.626701
      43     9997.291992      0.000000   -232.688477
      44     9995.237305     78.504395   -232.640640
      45     9989.078125    156.791153   -232.497284
      46     9978.830078    234.649490   -232.258774
      47     9964.523438    311.865173   -231.925766
      48     9946.195312    388.226501   -231.499191
      49     9923.897461    463.525024   -230.980164
      50     9897.689453    537.552246   -230.370193
      51     9867.645508    610.104858   -229.670914
      52     9833.846680    680.985229   -228.884232
      53     9796.385742    749.998535   -228.012314
      54     9755.365234    816.956909   -227.057556
      55     9710.896484    881.676636   -226.022537
      56     9663.101562    943.980591   -224.910110
      57     9612.113281   1003.696472   -223.723358
      58     9558.071289   1060.660400   -222.465485
      59     9501.123047   1114.716919   -221.140015
      60     9441.423828   1165.718384   -219.750519
      61     9379.138672   1213.524780   -218.300812
      62     9314.436523   1258.005615   -216.794846
      63     9247.495117   1299.038086   -215.236786
      64     9993.908203      0.000000   -348.996399
      65     9991.853516     78.504395   -348.924652
      66     9985.696289    156.791153   -348.709625
      67     9975.452148    234.649490   -348.351898
      68     9961.150391    311.865143   -347.852417
      69     9942.829102    388.226532   -347.212616
      70     9920.538086    463.524994   -346.434204
      71     9894.339844    537.552246   -345.519348
      72     9864.305664    610.104797   -344.470520
      73     9830.517578    680.985229   -343.290619
      74     9793.069336    749.998535   -341.982910
      75     9752.062500    816.956909   -340.550873
      76     9707.609375    881.676636   -338.998505
      77     9659.831055    943.980591   -337.330048
      78     9608.859375   1003.696472   -335.550079
      79     9554.835938   1060.660400   -333.663544
      80     9497.906250   1114.717041   -331.675507
      81     9438.228516   1165.718384   -329.591461
      82     9375.963867   1213.524780   -327.417145
      83     9311.283203   1258.005493   -325.158447
      84     9244.365234   1299.038086   -322.821594
      85     9989.170898      0.000000   -465.251984
      86     9987.117188     78.504395   -465.156342
      87     9980.962891    156.791153   -464.869690
      88     9970.723633    234.649490   -464.392792
      89     9956.428711    311.865143   -463.726990
      90     9938.116211    388.226532   -462.874054
      91     9915.835938    463.524994   -461.836273
      92     9889.649414    537.552185   -460.616669
      93     9859.629883    610.104797   -459.218475
      94     9825.858398    680.985229   -457.645538
      95     9788.427734    749.998535   -455.902191
      96     9747.440430    816.956909   -453.993164
      97     9703.007812    881.676575   -451.923706
      98     9655.251953    943.980591   -449.699432
      99     9604.304688   1003.696472   -447.326569
     100     9550.306641   1060.660278   -444.811523
     101     9493.404297   1114.717041   -442.161255
     102     9433.754883   1165.718384   -439.382996
     103     9371.519531   1213.524780   -436.484375
     104     9306.870117   1258.005493   -433.473267
     105     9239.983398   1299.038086   -430.358002
     106     9983.081055      0.000000   -581.450134
     107     9981.029297     78.504395   -581.330627
     108     9974.877930    156.791138   -580.972412
     109     9964.645508    234.649475   -580.376404
     110     9950.358398    311.865143   -579.544250
     111     9932.057617    388.226532   -578.478333
     112     9909.791016    463.524994   -577.181396
     113     9883.620117    537.552185   -575.657166
     114     9853.619141    610.104797   -573.909790
     115     9819.868164    680.985229   -571.943970
     116     9782.460938    749.998474   -569.765198
     117     9741.498047    816.956848   -567.379395
     118     9697.092773    881.676575   -564.793091
     119     9649.366211    943.980591   -562.013306
     120     9598.450195   1003.696472   -559.047791
     121     9544.484375   1060.660278   -555.904602
     122     9487.617188   1114.717041   -552.592468
     123     9428.003906   1165.718384   -549.120361
     124     9365.806641   1213.524780   -545.497742
     125     9301.196289   1258.005493   -541.734619
     126     9234.350586   1299.038086   -537.841309
     127     9975.640625      0.000000   -697.564209
     128     9973.589844     78.504387   -697.420837
     129     9967.443359    156.791138   -696.991028
     130     9957.218750    234.649475   -696.276001
     131     9942.942383    311.865143   -695.277649
     132     9924.654297    388.226532   -693.998840
     133     9902.404297    463.524994   -692.442993
     134     9876.253906    537.552185   -690.614380
     135     9846.274414    610.104797   -688.518005
     136     9812.548828    680.985168   -686.159668
     137     9775.168945    749.998474   -683.545837
     138     9734.237305    816.956848   -680.683533
     139     9689.865234    881.676575   -677.580750
     140     9642.173828    943.980591   -674.245850
     141     9591.295898   1003.696411   -670.688110
     142     9537.371094   1060.660278   -666.917297
     143     9480.545898   1114.717041   -662.943726
     144     9420.976562   1165.718384   -658.778198
     145     9358.825195   1213.524780   -654.432190
     146     9294.263672   1258.005493   -649.917603
     147     9227.467773   1299.038086   -645.246765
     148     9966.848633      0.000000   -813.588135
     149     9964.799805     78.504387   -813.420898
     150     9958.659180    156.791138   -812.919617
     151     9948.442383    234.649475   -812.085632
     152     9934.179688    311.865112   -810.921326
     153     9915.907227    388.226532   -809.429810
     154     9893.676758    463.524994   -807.615112
     155     9867.549805    537.552124   -805.482361
     156     9837.596680    610.104797   -803.037292
     157     9803.900391    680.985168   -800.286743
     158     9766.553711    749.998474   -797.238098
     159     9725.658203    816.956848   -793.899780
     160     9681.325195    881.676575   -790.280945
     161     9633.675781    943.980591   -786.391357
     162     9582.842773   1003.696411   -782.241882
     163     9528.964844   1060.660278   -777.843872
     164     9472.190430   1114.717041   -773.209351
     165     9412.672852   1165.718384   -768.351013
     166     9350.577148   1213.524780   -763.282166
     167     9286.072266   1258.005493   -758.016602
     168     9219.334961   1299.038086   -752.568909
     169     9956.708008      0.000000   -929.499023
     170     9954.661133     78.504387   -929.307983
     171     9948.526367    156.791138   -928.735291
     172     9938.320312    234.649475   -927.782532
     173     9924.071289    311.865112   -926.452332
     174     9905.818359    388.226532   -924.748291
     175     9883.610352    463.524994   -922.675049
     176     9857.509766    537.552124   -920.238403
     177     9827.587891    610.104797   -917.445007
     178     9793.925781    680.985168   -914.302551
     179     9756.617188    749.998474   -910.819641
     180     9715.762695    816.956848   -907.005737
     181     9671.474609    881.676575   -902.871277
     182     9623.874023    943.980591   -898.427551
     183     9573.092773   1003.696411   -893.686890
     184     9519.269531   1060.660278   -888.662231
     185     9462.552734   1114.717041   -883.367432
     186     9403.096680   1165.718384   -877.816956
     187     9341.063477   1213.524780   -872.025940
     188     9276.624023   1258.005493   -866.010254
     189     9209.955078   1299.038086   -859.786438
     190     9945.218750      0.000000  -1045.284668
     191     9943.174805     78.504387  -1045.069702
     192     9937.046875    156.791138  -1044.425781
     193     9926.852539    234.649445  -1043.354248
     194     9912.620117    311.865112  -1041.858398
     195     9894.388672    388.226532  -1039.942139
     196     9872.206055    463.524994  -1037.610718
     197     9846.135742    537.552124  -1034.870483
     198     9816.248047    610.104797  -1031.729248
     199     9782.625000    680.985168  -1028.195312
     200     9745.358398    749.998474  -1024.278442
     201     9704.551758    816.956848  -1019.989380
     202     9660.314453    881.676575  -1015.339905
     203     9612.769531    943.980591  -1010.342651
     204     9562.045898   1003.696411  -1005.011475
     205     9508.286133   1060.660278   -999.361023
     206     9451.633789   1114.717041   -993.406677
     207     9392.246094   1165.718384   -987.164734
     208     9330.285156   1213.524780   -980.652405
     209     9265.919922   1258.005493   -973.887329
     210     9199.327148   1299.038086   -966.888184
     211     9932.383789      0.000000  -1160.930542
     212     9930.341797     78.504379  -1160.691772
     213     9924.221680    156.791122  -1159.976562
     214     9914.041016    234.649445  -1158.786621
     215     9899.827148    311.865112  -1157.125122
     216     9881.618164    388.226532  -1154.996826
     217     9859.464844    463.524933  -1152.407349
     218     9833.427734    537.552124  -1149.364136
     219     9803.578125    610.104797  -1145.875244
     220     9769.999023    680.985107  -1141.950317
     221     9732.781250    749.998474  -1137.600220
     222     9692.026367    816.956848  -1132.836670
     223     9647.846680    881.676575  -1127.672852
     224     9600.362305    943.980591  -1122.122681
     225     9549.705078   1003.696350  -1116.201660
     226     9496.013672   1060.660278  -1109.926025
     227     9439.435547   1114.717041  -1103.312866
     228     9380.124023   1165.718384  -1096.380371
     229     9318.243164   1213.524780  -1089.147461
     230     9253.960938   1258.005493  -1081.634033
     231     9187.455078   1299.038086  -1073.860474
     232     9918.204102      0.000000  -1276.415527
     233     9916.165039     78.504379  -1276.153198
     234     9910.053711    156.791122  -1275.366699
     235     9899.887695    234.649445  -1274.058350
     236     9885.693359    311.865112  -1272.231689
     237     9867.510742    388.226532  -1269.891724
     238     9845.388672    463.524933  -1267.044678
     239     9819.388672    537.552124  -1263.698730
     240     9789.583008    610.104797  -1259.862793
     241     9756.050781    680.985107  -1255.547485
     242     9718.886719    749.998474  -1250.764526
     243     9678.190430    816.956848  -1245.527222
     244     9634.073242    881.676575  -1239.849731
     245     9586.657227    943.980591  -1233.747437
     246     9536.072266   1003.696350  -1227.237549
     247     9482.457031   1060.660278  -1220.337646
     248     9425.958984   1114.717041  -1213.066650
     249     9366.733398   1165.718384  -1205.444580
     250     9304.940430   1213.524780  -1197.492188
     251     9240.750000   1258.005493  -1189.231201
     252     9174.337891   1299.038086  -1180.684448
     253     9902.680664      0.000000  -1391.733154
     254     9900.644531     78.504379  -1391.447021
     255     9894.542969    156.791122  -1390.589600
     256     9884.392578    234.649429  -1389.162964
     257     9870.221680    311.865112  -1387.171265
     258     9852.067383    388.226532  -1384.619873
     259     9829.979492    463.524933  -1381.515625
     260     9804.020508    537.552063  -1377.867310
     261     9774.260742    610.104797  -1373.684814
     262     9740.781250    680.985107  -1368.979614
     263     9703.674805    749.998474  -1363.764648
     264     9663.041992    816.956848  -1358.054077
     265     9618.995117    881.676514  -1351.863647
     266     9571.652344    943.980591  -1345.210083
     267     9521.146484   1003.696350  -1338.111938
     268     9467.616211   1060.660278  -1330.588623
     269     9411.206055   1114.717041  -1322.660645
     270     9352.073242   1165.718384  -1314.349976
     271     9290.376953   1213.524780  -1305.679199
     272     9226.287109   1258.005493  -1296.671875
     273     9159.979492   1299.038086  -1287.353027
     274     9885.817383      0.000000  -1506.856567
     275     9883.785156     78.504379  -1506.546753
     276     9877.694336    156.791107  -1505.618408
     277     9867.560547    234.649429  -1504.073853
     278     9853.413086    311.865112  -1501.917358
     279     9835.290039    388.226532  -1499.154907
     280     9813.240234    463.524933  -1495.793945
     281     9787.325195    537.552063  -1491.843872
     282     9757.616211    610.104797  -1487.315430
     283     9724.194336    680.985107  -1482.220947
     284     9687.151367    749.998474  -1476.574585
     285     9646.586914    816.956848  -1470.391724
     286     9602.615234    881.676514  -1463.689087
     287     9555.353516    943.980591  -1456.485229
     288     9504.933594   1003.696350  -1448.799927
     289     9451.494141   1060.660278  -1440.654297
     290     9395.180664   1114.717163  -1432.070679
     291     9336.147461   1165.718384  -1423.072510
     292     9274.556641   1213.524780  -1413.684448
     293     9210.575195   1258.005371  -1403.932129
     294     9144.380859   1299.038086  -1393.842285
     295     9867.615234      0.000000  -1621.781494
     296     9865.586914     78.504379  -1621.447998
     297     9859.506836    156.791107  -1620.448853
     298     9849.392578    234.649429  -1618.786499
     299     9835.270508    311.865112  -1616.465576
     300     9817.180664    388.226532  -1613.492432
     301     9795.171875    463.524933  -1609.875122
     302     9769.304688    537.552002  -1605.623779
     303     9739.650391    610.104797  -1600.749878
     304     9706.289062    680.985107  -1595.266968
     305     9669.314453    749.998474  -1589.189941
     306     9628.825195    816.956848  -1582.535522
     307     9584.933594    881.676514  -1575.321655
     308     9537.759766    943.980591  -1567.568359
     309     9487.432617   1003.696289  -1559.296997
     310     9434.090820   1060.660278  -1550.530151
     311     9377.880859   1114.717163  -1541.291748
     312     9318.957031   1165.718384  -1531.607422
     313     9257.479492   1213.524780  -1521.503296
     314     9193.616211   1258.005371  -1511.007202
     315     9127.543945   1299.038086  -1500.147827
     316     9848.077148      0.000000  -1736.481934
     317     9846.052734     78.504379  -1736.125000
     318     9839.985352    156.791092  -1735.055054
     319     9829.890625    234.649399  -1733.275146
     320     9815.797852    311.865082  -1730.790039
     321     9797.743164    388.226562  -1727.606689
     322     9775.777344    463.524902  -1723.733521
     323     9749.961914    537.552002  -1719.181519
     324     9720.366211    610.104736  -1713.962891
     325     9687.071289    680.985107  -1708.092163
     326     9650.169922    749.998413  -1701.585449
     327     9609.760742    816.956787  -1694.460327
     328     9565.956055    881.676514  -1686.736328
     329     9518.875000    943.980591  -1678.434570
     330     9468.647461   1003.696289  -1669.578247
     331     9415.412109   1060.660278  -1660.191406
     332     9359.313477   1114.717163  -1650.299683
     333     9300.505859   1165.718506  -1639.930298
     334     9239.150391   1213.524780  -1629.111572
     335     9175.414062   1258.005371  -1617.873169
     336     9109.471680   1299.038086  -1606.245728
     337     9827.206055      0.000000  -1850.950684
     338     9825.185547     78.504379  -1850.570190
     339     9819.130859    156.791092  -1849.429810
     340     9809.058594    234.649399  -1847.532471
     341     9794.994141    311.865082  -1844.883667
     342     9776.978516    388.226562  -1841.490356
     343     9755.059570    463.524902  -1837.361938
     344     9729.297852    537.552002  -1832.509766
     345     9699.765625    610.104736  -1826.947266
     346     9666.541016    680.985107  -1820.689575
     347     9629.717773    749.998413  -1813.753784
     348     9589.394531    816.956787  -1806.158936
     349     9545.682617    881.676514  -1797.925903
     350     9498.701172    943.980591  -1789.076904
     351     9448.580078   1003.696289  -1779.636719
     352     9395.458008   1060.660278  -1769.631104
     353     9339.477539   1114.717163  -1759.087280
     354     9280.794922   1165.718506  -1748.034302
     355     9219.569336   1213.524780  -1736.502563
     356     9155.967773   1258.005371  -1724.523193
     357     9090.166016   1299.038086  -1712.129395
     358     9805.004883      0.000000  -1965.167480
     359     9802.989258     78.504372  -1964.763428
     360     9796.948242    156.791092  -1963.552734
     361     9786.897461    234.649399  -1961.538330
     362     9772.866211    311.865082  -1958.725952
     363     9754.890625    388.226562  -1955.123291
     364     9733.021484    463.524902  -1950.740112
     365     9707.318359    537.552002  -1945.588623
     366     9677.851562    610.104736  -1939.682861
     367     9644.703125    680.985046  -1933.038940
     368     9607.961914    749.998413  -1925.675293
     369     9567.730469    816.956787  -1917.611572
     370     9524.117188    881.676514  -1908.870361
     371     9477.242188    943.980591  -1899.475464
     372     9427.234375   1003.696167  -1889.452637
     373     9374.231445   1060.660278  -1878.829590
     374     9318.378906   1114.717163  -1867.635254
     375     9259.828125   1165.718506  -1855.900269
     376     9198.740234   1213.524780  -1843.656860
     377     9135.283203   1258.005371  -1830.938354
     378     9069.628906   1299.038086  -1817.779663
     379     9781.475586      0.000000  -2079.116943
     380     9779.464844     78.504372  -2078.689453
     381     9773.438477    156.791077  -2077.408447
     382     9763.412109    234.649399  -2075.277344
     383     9749.414062    311.865082  -2072.302002
     384     9731.482422    388.226562  -2068.490479
     385     9709.665039    463.524902  -2063.853027
     386     9684.023438    537.552002  -2058.402832
     387     9654.627930    610.104736  -2052.154541
     388     9621.558594    680.985046  -2045.125488
     389     9584.906250    749.998413  -2037.334839
     390     9544.771484    816.956787  -2028.803711
     391     9501.262695    881.676514  -2019.555786
     392     9454.500000    943.980591  -2009.615967
     393     9404.612305   1003.696167  -1999.012085
     394     9351.736328   1060.660278  -1987.773071
     395     9296.017578   1114.717163  -1975.929565
     396     9237.607422   1165.718506  -1963.514160
     397     9176.666992   1213.524780  -1950.560791
     398     9113.361328   1258.005371  -1937.104736
     399     9047.865234   1299.038086  -1923.183105
     400     9756.622070      0.000000  -2192.788086
     401     9754.616211     78.504372  -2192.337402
     402     9748.605469    156.791077  -2190.986328
     403     9738.604492    234.649384  -2188.738770
     404     9724.641602    311.865082  -2185.600586
     405     9706.755859    388.226562  -2181.580566
     406     9684.994141    463.524902  -2176.689941
     407     9659.417969    537.551941  -2170.941650
     408     9630.096680    610.104736  -2164.351807
     409     9597.111328    680.985046  -2156.938232
     410     9560.552734    749.998413  -2148.721680
     411     9520.518555    816.956787  -2139.724365
     412     9477.121094    881.676392  -2129.970703
     413     9430.476562    943.980591  -2119.487549
     414     9380.715820   1003.696167  -2108.303711
     415     9327.974609   1060.660156  -2096.450195
     416     9272.397461   1114.717163  -2083.959229
     417     9214.135742   1165.718506  -2070.864990
     418     9153.349609   1213.524658  -2057.203369
     419     9090.205078   1258.005371  -2043.011841
     420     9024.875977   1299.038086  -2028.329102
     421     9730.449219      0.000000  -2306.158203
     422     9728.448242     78.504372  -2305.684326
     423     9722.453125    156.791077  -2304.263428
     424     9712.479492    234.649384  -2301.899414
     425     9698.554688    311.865051  -2298.599121
     426     9680.715820    388.226562  -2294.371338
     427     9659.012695    463.524902  -2289.227539
     428     9633.504883    537.551941  -2283.182129
     429     9604.262695    610.104736  -2276.251709
     430     9571.366211    680.985046  -2268.454834
     431     9534.904297    749.998413  -2259.813477
     432     9494.978516    816.956787  -2250.350586
     433     9451.697266    881.676392  -2240.092773
     434     9405.178711    943.980591  -2229.067627
     435     9355.550781   1003.696167  -2217.305664
     436     9302.951172   1060.660156  -2204.839355
     437     9247.522461   1114.717163  -2191.702637
     438     9189.417969   1165.718506  -2177.931396
     439     9128.794922   1213.524658  -2163.563477
     440     9065.819336   1258.005371  -2148.638184
     441     9000.665039   1299.038086  -2133.196289
     442     9702.957031      0.000000  -2419.221191
     443     9700.961914     78.504364  -2418.723877
     444     9694.983398    156.791077  -2417.233398
     445     9685.038086    234.649384  -2414.753662
     446     9671.152344    311.865051  -2411.291504
     447     9653.364258    388.226593  -2406.856445
     448     9631.722656    463.524841  -2401.460449
     449     9606.287109    537.551941  -2395.118652
     450     9577.126953    610.104675  -2387.848389
     451     9544.323242    680.984985  -2379.669434
     452     9507.964844    749.998413  -2370.604248
     453     9468.152344    816.956787  -2360.677979
     454     9424.993164    881.676392  -2349.917236
     455     9378.605469    943.980591  -2338.351562
     456     9329.118164   1003.696106  -2326.012939
     457     9276.666992   1060.660156  -2312.935547
     458     9221.394531   1114.717163  -2299.154541
     459     9163.454102   1165.718506  -2284.708252
     460     9103.002930   1213.524658  -2269.635986
     461     9040.205078   1258.005371  -2253.978760
     462     8975.234375   1299.038086  -2237.779785
     463     9674.152344      0.000000  -2531.951660
     464     9672.163086     78.504364  -2531.431152
     465     9666.203125    156.791077  -2529.871094
     466     9656.287109    234.649353  -2527.275879
     467     9642.442383    311.865051  -2523.652344
     468     9624.707031    388.226593  -2519.010742
     469     9603.128906    463.524841  -2513.363281
     470     9577.769531    537.551880  -2506.726074
     471     9548.696289    610.104675  -2499.116943
     472     9515.989258    680.984985  -2490.556885
     473     9479.739258    749.998413  -2481.069336
     474     9440.044922    816.956787  -2470.679932
     475     9397.013672    881.676392  -2459.417725
     476     9350.763672    943.980591  -2447.313232
     477     9301.423828   1003.696106  -2434.399658
     478     9249.127930   1060.660156  -2420.712646
     479     9194.020508   1114.717163  -2406.289795
     480     9136.250977   1165.718506  -2391.170166
     481     9075.979492   1213.524658  -2375.395508
     482     9013.368164   1258.005371  -2359.008789
     483     8948.590820   1299.038086  -2342.055176
     484     9644.037109      0.000000  -2644.343994
     485     9642.054688     78.504364  -2643.800293
     486     9636.112305    156.791077  -2642.171143
     487     9626.226562    234.649353  -2639.460449
     488     9612.425781    311.865051  -2635.676270
     489     9594.745117    388.226593  -2630.828369
     490     9573.235352    463.524841  -2624.930176
     491     9547.954102    537.551880  -2617.998291
     492     9518.971680    610.104675  -2610.051514
     493     9486.366211    680.984985  -2601.111328
     494     9450.229492    749.998413  -2591.202637
     495     9410.658203    816.956787  -2580.352539
     496     9367.760742    881.676392  -2568.590332
     497     9321.655273    943.980591  -2555.948242
     498     9272.468750   1003.696106  -2542.461670
     499     9220.335938   1060.660156  -2528.166992
     500     9165.399414   1114.717285  -2513.103760
     501     9107.810547   1165.718506  -2497.312988
     502     9047.725586   1213.524658  -2480.838135
     503     8985.309570   1258.005249  -2463.724121
     504     8920.734375   1299.038086  -2446.017822
     505     9612.617188      0.000000  -2756.374023
     506     9610.640625     78.504364  -2755.807373
     507     9604.717773    156.791061  -2754.109131
     508     9594.865234    234.649353  -2751.283936
     509     9581.108398    311.865021  -2747.339355
     510     9563.486328    388.226593  -2742.286133
     511     9542.045898    463.524841  -2736.138184
     512     9516.846680    537.551819  -2728.912598
     513     9487.958984    610.104675  -2720.628906
     514     9455.459961    680.984985  -2711.310303
     515     9419.440430    749.998413  -2700.981689
     516     9379.998047    816.956787  -2689.671875
     517     9337.241211    881.676392  -2677.411377
     518     9291.285156    943.980591  -2664.233643
     519     9242.258789   1003.696106  -2650.175781
     520     9190.295898   1060.660156  -2635.275635
     521     9135.539062   1114.717285  -2619.574219
     522     9078.137695   1165.718506  -2603.114502
     523     9018.248047   1213.524658  -2585.941650
     524     8956.036133   1258.005249  -2568.102539
     525     8891.670898   1299.038086  -2549.645996
     526     9579.894531      0.000000  -2868.033691
     527     9577.925781     78.504356  -2867.444092
     528     9572.023438    156.791061  -2865.677002
     529     9562.203125    234.649338  -2862.737061
     530     9548.494141    311.865021  -2858.632812
     531     9530.931641    388.226593  -2853.374756
     532     9509.564453    463.524841  -2846.977783
     533     9484.451172    537.551819  -2839.459473
     534     9455.661133    610.104675  -2830.840332
     535     9423.273438    680.984985  -2821.144043
     536     9387.375977    749.998413  -2810.397217
     537     9348.068359    816.956726  -2798.628906
     538     9305.456055    881.676392  -2785.871826
     539     9259.657227    943.980591  -2772.160400
     540     9210.797852   1003.696045  -2757.532959
     541     9159.011719   1060.660156  -2742.029053
     542     9104.440430   1114.717285  -2725.691406
     543     9047.234375   1165.718506  -2708.565186
     544     8987.549805   1213.524658  -2690.696777
     545     8925.548828   1258.005249  -2672.134766
     546     8861.402344   1299.038086  -2652.930664
     547     9545.875977      0.000000  -2979.304443
     548     9543.913086     78.504356  -2978.691895
     549     9538.032227    156.791046  -2976.856201
     550     9528.247070    234.649338  -2973.802490
     551     9514.585938    311.865021  -2969.538818
     552     9497.085938    388.226593  -2964.076904
     553     9475.794922    463.524841  -2957.431885
     554     9450.770508    537.551819  -2949.621826
     555     9422.083008    610.104675  -2940.668213
     556     9389.810547    680.984985  -2930.595703
     557     9354.041016    749.998413  -2919.431885
     558     9314.872070    816.956726  -2907.207031
     559     9272.412109    881.676392  -2893.955078
     560     9226.775391    943.980591  -2879.711670
     561     9178.089844   1003.696045  -2864.516602
     562     9126.487305   1060.660156  -2848.411377
     563     9072.110352   1114.717285  -2831.439941
     564     9015.107422   1165.718506  -2813.649170
     565     8955.634766   1213.524658  -2795.087402
     566     8893.853516   1258.005249  -2775.805664
     567     8829.935547   1299.038086  -2755.856201
     568     9510.565430      0.000000  -3090.169678
     569     9508.610352     78.504356  -3089.534424
     570     9502.750000    156.791046  -3087.630371
     571     9493.001953    234.649338  -3084.462891
     572     9479.391602    311.865021  -3080.040527
     573     9461.956055    388.226593  -3074.375488
     574     9440.743164    463.524841  -3067.483154
     575     9415.812500    537.551819  -3059.382324
     576     9387.230469    610.104675  -3050.095703
     577     9355.077148    680.984985  -3039.648438
     578     9319.440430    749.998413  -3028.069336
     579     9280.416016    816.956726  -3015.389893
     580     9238.113281    881.676331  -3001.644531
     581     9192.645508    943.980591  -2986.871338
     582     9144.139648   1003.696045  -2971.110840
     583     9092.728516   1060.660156  -2954.406250
     584     9038.551758   1114.717285  -2936.803467
     585     8981.759766   1165.718506  -2918.350586
     586     8922.506836   1213.524658  -2899.098145
     587     8860.955078   1258.005249  -2879.098633
     588     8797.272461   1299.038086  -2858.406982
     589     9473.965820      0.000000  -3200.621094
     590     9472.017578     78.504356  -3199.963135
     591     9466.180664    156.791046  -3197.991211
     592     9456.469727    234.649338  -3194.710693
     593     9442.912109    311.865021  -3190.130127
     594     9425.542969    388.226624  -3184.262695
     595     9404.412109    463.524811  -3177.123779
     596     9379.577148    537.551819  -3168.733643
     597     9351.105469    610.104675  -3159.114990
     598     9319.076172    680.984985  -3148.294189
     599     9283.576172    749.998413  -3136.301270
     600     9244.702148    816.956726  -3123.168457
     601     9202.561523    881.676331  -3108.931885
     602     9157.268555    943.980591  -3093.630615
     603     9108.950195   1003.696045  -3077.306641
     604     9057.736328   1060.660156  -3060.005127
     605     9003.768555   1114.717285  -3041.772949
     606     8947.195312   1165.718506  -3022.660645
     607     8888.170898   1213.524658  -3002.720215
     608     8826.855469   1258.005249  -2982.005859
     609     8763.417969   1299.038086  -2960.574707
     610     9436.084961      0.000000  -3310.634277
     611     9434.145508     78.504356  -3309.953857
     612     9428.331055    156.791031  -3307.914062
     613     9418.659180    234.649307  -3304.520508
     614     9405.155273    311.865021  -3299.782471
     615     9387.856445    388.226624  -3293.713379
     616     9366.809570    463.524811  -3286.329102
     617     9342.074219    537.551758  -3277.650635
     618     9313.716797    610.104675  -3267.701172
     619     9281.814453    680.984924  -3256.508545
     620     9246.457031    749.998413  -3244.103271
     621     9207.738281    816.956726  -3230.519043
     622     9165.766602    881.676331  -3215.793213
     623     9120.654297    943.980591  -3199.965576
     624     9072.529297   1003.695984  -3183.080811
     625     9021.520508   1060.660156  -3165.184570
     626     8967.768555   1114.717285  -3146.325684
     627     8911.420898   1165.718506  -3126.556396
     628     8852.632812   1213.524658  -3105.930176
     629     8791.562500   1258.005249  -3084.503906
     630     8728.378906   1299.038086  -3062.336182
     631     9396.925781      0.000000  -3420.201416
     632     9394.994141     78.504356  -3419.498291
     633     9389.205078    156.791031  -3417.390869
     634     9379.573242    234.649307  -3413.885254
     635     9366.125000    311.865021  -3408.990479
     636     9348.897461    388.226624  -3402.720459
     637     9327.938477    463.524811  -3395.092041
     638     9303.305664    537.551758  -3386.126221
     639     9275.065430    610.104675  -3375.847656
     640     9243.295898    680.984924  -3364.284424
     641     9208.084961    749.998413  -3351.468750
     642     9169.527344    816.956726  -3337.434814
     643     9127.729492    881.676331  -3322.221680
     644     9082.804688    943.980591  -3305.870605
     645     9034.878906   1003.695984  -3288.426758
     646     8984.082031   1060.660156  -3269.938232
     647     8930.552734   1114.717285  -3250.455322
     648     8874.439453   1165.718506  -3230.031738
     649     8815.894531   1213.524658  -3208.723145
     650     8755.078125   1258.005249  -3186.587646
     651     8692.157227   1299.038086  -3163.686279