-Entity ID---X Location----Y Location----Z Location----von Mises Z1----von Mises Z2---
       1    10000.000000      0.000000      0.000000    188.863358      235.962646
       2     9997.944336     78.504402      0.000000    165.465927      233.147980
       3     9991.783203    156.791168      0.000000    145.622955      233.339874
       4     9981.533203    234.649521      0.000000    132.607651      223.052185
       5     9967.221680    311.865173      0.000000    128.326401      211.231537
       6     9948.889648    388.226501      0.000000    127.444641      200.907471
       7     9926.584961    463.525024      0.000000    127.772461      192.837311
       8     9900.370117    537.552307      0.000000    128.273651      187.224854
       9     9870.318359    610.104858      0.000000    128.682983      183.901260
      10     9836.509766    680.985229      0.000000    129.025055      182.537186
      11     9799.039062    749.998535      0.000000    129.369446      182.824554
      12     9758.006836    816.956909      0.000000    129.715576      184.509674
      13     9713.526367    881.676636      0.000000    129.961212      187.457550
      14     9665.718750    943.980591      0.000000    129.939255      191.612045
      15     9614.716797   1003.696533      0.000000    129.521683      196.967499
      16     9560.660156   1060.660400      0.000000    128.830292      203.485565
      17     9503.696289   1114.716919      0.000000    128.674530      210.975708
      18     9443.981445   1165.718384      0.000000    130.958679      219.044189
      19     9381.678711   1213.524780      0.000000    141.206039      225.637146
      20     9316.958984   1258.005615      0.000000    159.976685      223.915405
      21     9250.000000   1299.038086      0.000000    184.951462      227.880783
