-Entity ID---X Location----Y Location----Z Location----von Mises Z1----von Mises Z2---
     127     9975.640625      0.000000   -697.564209     81.171173      85.036331
     128     9973.589844     78.504387   -697.420837     78.137955      85.347298
     129     9967.443359    156.791138   -696.991028     74.331497      86.516861
     130     9957.218750    234.649475   -696.276001     71.252625      86.215866
     131     9942.942383    311.865143   -695.277649     68.709152      84.624168
     132     9924.654297    388.226532   -693.998840     66.629921      82.157578
     133     9902.404297    463.524994   -692.442993     65.036995      79.311157
     134     9876.253906    537.552185   -690.614380     64.008781      76.555412
     135     9846.274414    610.104797   -688.518005     63.603718      74.274757
     136     9812.548828    680.985168   -686.159668     63.815842      72.742462
     137     9775.168945    749.998474   -683.545837     64.565872      72.118759
     138     9734.237305    816.956848   -680.683533     65.728806      72.459953
     139     9689.865234    881.676575   -677.580750     67.176361      73.732605
     140     9642.173828    943.980591   -674.245850     68.815712      75.823654
     141     9591.295898   1003.696411   -670.688110     70.610397      78.542648
     142     9537.371094   1060.660278   -666.917297     72.577789      81.614120
     143     9480.545898   1114.717041   -662.943726     74.746857      84.667709
     144     9420.976562   1165.718384   -658.778198     77.089348      87.236839
     145     9358.825195   1213.524780   -654.432190     79.410049      88.768211
     146     9294.263672   1258.005493   -649.917603     81.304588      88.562790
     147     9227.467773   1299.038086   -645.246765     81.540573      87.074211
     

